-2048	0.000000
-2047	0.036754
-2046	0.073137
-2045	0.108786
-2044	0.143347
-2043	0.176482
-2042	0.207876
-2041	0.237239
-2040	0.264311
-2039	0.288867
-2038	0.310719
-2037	0.329721
-2036	0.345767
-2035	0.358798
-2034	0.368797
-2033	0.375795
-2032	0.379866
-2031	0.381129
-2030	0.379743
-2029	0.375908
-2028	0.369859
-2027	0.361865
-2026	0.352224
-2025	0.341256
-2024	0.329303
-2023	0.316719
-2022	0.303868
-2021	0.291118
-2020	0.278833
-2019	0.267370
-2018	0.257074
-2017	0.248271
-2016	0.241262
-2015	0.236323
-2014	0.233696
-2013	0.233588
-2012	0.236167
-2011	0.241561
-2010	0.249852
-2009	0.261081
-2008	0.275240
-2007	0.292278
-2006	0.312100
-2005	0.334568
-2004	0.359501
-2003	0.386682
-2002	0.415858
-2001	0.446745
-2000	0.479034
-1999	0.512389
-1998	0.546462
-1997	0.580890
-1996	0.615303
-1995	0.649331
-1994	0.682610
-1993	0.714782
-1992	0.745507
-1991	0.774466
-1990	0.801363
-1989	0.825933
-1988	0.847943
-1987	0.867200
-1986	0.883547
-1985	0.896872
-1984	0.907107
-1983	0.914227
-1982	0.918253
-1981	0.919253
-1980	0.917335
-1979	0.912653
-1978	0.905399
-1977	0.895802
-1976	0.884124
-1975	0.870659
-1974	0.855724
-1973	0.839657
-1972	0.822811
-1971	0.805549
-1970	0.788239
-1969	0.771247
-1968	0.754933
-1967	0.739645
-1966	0.725714
-1965	0.713447
-1964	0.703127
-1963	0.695002
-1962	0.689289
-1961	0.686164
-1960	0.685764
-1959	0.688182
-1958	0.693465
-1957	0.701619
-1956	0.712601
-1955	0.726326
-1954	0.742664
-1953	0.761445
-1952	0.782458
-1951	0.805460
-1950	0.830172
-1949	0.856291
-1948	0.883487
-1947	0.911415
-1946	0.939715
-1945	0.968019
-1944	0.995958
-1943	1.023167
-1942	1.049287
-1941	1.073976
-1940	1.096910
-1939	1.117789
-1938	1.136344
-1937	1.152335
-1936	1.165561
-1935	1.175861
-1934	1.183113
-1933	1.187241
-1932	1.188213
-1931	1.186043
-1930	1.180788
-1929	1.172552
-1928	1.161479
-1927	1.147754
-1926	1.131602
-1925	1.113280
-1924	1.093075
-1923	1.071301
-1922	1.048295
-1921	1.024407
-1920	1.000000
-1919	0.975443
-1918	0.951103
-1917	0.927343
-1916	0.904516
-1915	0.882956
-1914	0.862979
-1913	0.844871
-1912	0.828891
-1911	0.815262
-1910	0.804171
-1909	0.795762
-1908	0.790140
-1907	0.787362
-1906	0.787442
-1905	0.790350
-1904	0.796009
-1903	0.804300
-1902	0.815061
-1901	0.828091
-1900	0.843153
-1899	0.859977
-1898	0.878265
-1897	0.897694
-1896	0.917922
-1895	0.938593
-1894	0.959342
-1893	0.979800
-1892	0.999601
-1891	1.018387
-1890	1.035813
-1889	1.051552
-1888	1.065301
-1887	1.076783
-1886	1.085755
-1885	1.092010
-1884	1.095377
-1883	1.095730
-1882	1.092983
-1881	1.087098
-1880	1.078078
-1879	1.065976
-1878	1.050885
-1877	1.032944
-1876	1.012331
-1875	0.989263
-1874	0.963993
-1873	0.936804
-1872	0.908006
-1871	0.877932
-1870	0.846931
-1869	0.815365
-1868	0.783604
-1867	0.752017
-1866	0.720968
-1865	0.690815
-1864	0.661896
-1863	0.634533
-1862	0.609019
-1861	0.585619
-1860	0.564567
-1859	0.546056
-1858	0.530241
-1857	0.517235
-1856	0.507107
-1855	0.499880
-1854	0.495534
-1853	0.494002
-1852	0.495175
-1851	0.498899
-1850	0.504983
-1849	0.513197
-1848	0.523279
-1847	0.534937
-1846	0.547854
-1845	0.561691
-1844	0.576096
-1843	0.590706
-1842	0.605154
-1841	0.619074
-1840	0.632107
-1839	0.643905
-1838	0.654137
-1837	0.662498
-1836	0.668705
-1835	0.672509
-1834	0.673696
-1833	0.672089
-1832	0.667554
-1831	0.659997
-1830	0.649370
-1829	0.635672
-1828	0.618943
-1827	0.599272
-1826	0.576787
-1825	0.551661
-1824	0.524105
-1823	0.494364
-1822	0.462716
-1821	0.429467
-1820	0.394947
-1819	0.359503
-1818	0.323495
-1817	0.287293
-1816	0.251267
-1815	0.215783
-1814	0.181202
-1813	0.147866
-1812	0.116102
-1811	0.086209
-1810	0.058460
-1809	0.033094
-1808	0.010314
-1807	-0.009715
-1806	-0.026873
-1805	-0.041082
-1804	-0.052306
-1803	-0.060560
-1802	-0.065898
-1801	-0.068423
-1800	-0.068277
-1799	-0.065644
-1798	-0.060747
-1797	-0.053841
-1796	-0.045212
-1795	-0.035172
-1794	-0.024055
-1793	-0.012211
-1792	0.000000
-1791	0.012211
-1790	0.024055
-1789	0.035172
-1788	0.045212
-1787	0.053841
-1786	0.060747
-1785	0.065644
-1784	0.068277
-1783	0.068423
-1782	0.065898
-1781	0.060560
-1780	0.052306
-1779	0.041082
-1778	0.026873
-1777	0.009715
-1776	-0.010314
-1775	-0.033094
-1774	-0.058460
-1773	-0.086209
-1772	-0.116102
-1771	-0.147866
-1770	-0.181202
-1769	-0.215783
-1768	-0.251267
-1767	-0.287293
-1766	-0.323495
-1765	-0.359503
-1764	-0.394947
-1763	-0.429467
-1762	-0.462716
-1761	-0.494364
-1760	-0.524105
-1759	-0.551661
-1758	-0.576787
-1757	-0.599272
-1756	-0.618943
-1755	-0.635672
-1754	-0.649370
-1753	-0.659997
-1752	-0.667554
-1751	-0.672089
-1750	-0.673696
-1749	-0.672509
-1748	-0.668705
-1747	-0.662498
-1746	-0.654137
-1745	-0.643905
-1744	-0.632107
-1743	-0.619074
-1742	-0.605154
-1741	-0.590706
-1740	-0.576096
-1739	-0.561691
-1738	-0.547854
-1737	-0.534937
-1736	-0.523279
-1735	-0.513197
-1734	-0.504983
-1733	-0.498899
-1732	-0.495175
-1731	-0.494002
-1730	-0.495534
-1729	-0.499880
-1728	-0.507107
-1727	-0.517235
-1726	-0.530241
-1725	-0.546056
-1724	-0.564567
-1723	-0.585619
-1722	-0.609019
-1721	-0.634533
-1720	-0.661896
-1719	-0.690815
-1718	-0.720968
-1717	-0.752017
-1716	-0.783604
-1715	-0.815365
-1714	-0.846931
-1713	-0.877932
-1712	-0.908006
-1711	-0.936804
-1710	-0.963993
-1709	-0.989263
-1708	-1.012331
-1707	-1.032944
-1706	-1.050885
-1705	-1.065976
-1704	-1.078078
-1703	-1.087098
-1702	-1.092983
-1701	-1.095730
-1700	-1.095377
-1699	-1.092010
-1698	-1.085755
-1697	-1.076783
-1696	-1.065301
-1695	-1.051552
-1694	-1.035813
-1693	-1.018387
-1692	-0.999601
-1691	-0.979800
-1690	-0.959342
-1689	-0.938593
-1688	-0.917922
-1687	-0.897694
-1686	-0.878265
-1685	-0.859977
-1684	-0.843153
-1683	-0.828091
-1682	-0.815061
-1681	-0.804300
-1680	-0.796009
-1679	-0.790350
-1678	-0.787442
-1677	-0.787362
-1676	-0.790140
-1675	-0.795762
-1674	-0.804171
-1673	-0.815262
-1672	-0.828891
-1671	-0.844871
-1670	-0.862979
-1669	-0.882956
-1668	-0.904516
-1667	-0.927343
-1666	-0.951103
-1665	-0.975443
-1664	-1.000000
-1663	-1.024407
-1662	-1.048295
-1661	-1.071301
-1660	-1.093075
-1659	-1.113280
-1658	-1.131602
-1657	-1.147754
-1656	-1.161479
-1655	-1.172552
-1654	-1.180788
-1653	-1.186043
-1652	-1.188213
-1651	-1.187241
-1650	-1.183113
-1649	-1.175861
-1648	-1.165561
-1647	-1.152335
-1646	-1.136344
-1645	-1.117789
-1644	-1.096910
-1643	-1.073976
-1642	-1.049287
-1641	-1.023167
-1640	-0.995958
-1639	-0.968019
-1638	-0.939715
-1637	-0.911415
-1636	-0.883487
-1635	-0.856291
-1634	-0.830172
-1633	-0.805460
-1632	-0.782458
-1631	-0.761445
-1630	-0.742664
-1629	-0.726326
-1628	-0.712601
-1627	-0.701619
-1626	-0.693465
-1625	-0.688182
-1624	-0.685764
-1623	-0.686164
-1622	-0.689289
-1621	-0.695002
-1620	-0.703127
-1619	-0.713447
-1618	-0.725714
-1617	-0.739645
-1616	-0.754933
-1615	-0.771247
-1614	-0.788239
-1613	-0.805549
-1612	-0.822811
-1611	-0.839657
-1610	-0.855724
-1609	-0.870659
-1608	-0.884124
-1607	-0.895802
-1606	-0.905399
-1605	-0.912653
-1604	-0.917335
-1603	-0.919253
-1602	-0.918253
-1601	-0.914227
-1600	-0.907107
-1599	-0.896872
-1598	-0.883547
-1597	-0.867200
-1596	-0.847943
-1595	-0.825933
-1594	-0.801363
-1593	-0.774466
-1592	-0.745507
-1591	-0.714782
-1590	-0.682610
-1589	-0.649331
-1588	-0.615303
-1587	-0.580890
-1586	-0.546462
-1585	-0.512389
-1584	-0.479034
-1583	-0.446745
-1582	-0.415858
-1581	-0.386682
-1580	-0.359501
-1579	-0.334568
-1578	-0.312100
-1577	-0.292278
-1576	-0.275240
-1575	-0.261081
-1574	-0.249852
-1573	-0.241561
-1572	-0.236167
-1571	-0.233588
-1570	-0.233696
-1569	-0.236323
-1568	-0.241262
-1567	-0.248271
-1566	-0.257074
-1565	-0.267370
-1564	-0.278833
-1563	-0.291118
-1562	-0.303868
-1561	-0.316719
-1560	-0.329303
-1559	-0.341256
-1558	-0.352224
-1557	-0.361865
-1556	-0.369859
-1555	-0.375908
-1554	-0.379743
-1553	-0.381129
-1552	-0.379866
-1551	-0.375795
-1550	-0.368797
-1549	-0.358798
-1548	-0.345767
-1547	-0.329721
-1546	-0.310719
-1545	-0.288867
-1544	-0.264311
-1543	-0.237239
-1542	-0.207876
-1541	-0.176482
-1540	-0.143347
-1539	-0.108786
-1538	-0.073137
-1537	-0.036754
-1536	0.000000
-1535	0.036754
-1534	0.073137
-1533	0.108786
-1532	0.143347
-1531	0.176482
-1530	0.207876
-1529	0.237239
-1528	0.264311
-1527	0.288867
-1526	0.310719
-1525	0.329721
-1524	0.345767
-1523	0.358798
-1522	0.368797
-1521	0.375795
-1520	0.379866
-1519	0.381129
-1518	0.379743
-1517	0.375908
-1516	0.369859
-1515	0.361865
-1514	0.352224
-1513	0.341256
-1512	0.329303
-1511	0.316719
-1510	0.303868
-1509	0.291118
-1508	0.278833
-1507	0.267370
-1506	0.257074
-1505	0.248271
-1504	0.241262
-1503	0.236323
-1502	0.233696
-1501	0.233588
-1500	0.236167
-1499	0.241561
-1498	0.249852
-1497	0.261081
-1496	0.275240
-1495	0.292278
-1494	0.312100
-1493	0.334568
-1492	0.359501
-1491	0.386682
-1490	0.415858
-1489	0.446745
-1488	0.479034
-1487	0.512389
-1486	0.546462
-1485	0.580890
-1484	0.615303
-1483	0.649331
-1482	0.682610
-1481	0.714782
-1480	0.745507
-1479	0.774466
-1478	0.801363
-1477	0.825933
-1476	0.847943
-1475	0.867200
-1474	0.883547
-1473	0.896872
-1472	0.907107
-1471	0.914227
-1470	0.918253
-1469	0.919253
-1468	0.917335
-1467	0.912653
-1466	0.905399
-1465	0.895802
-1464	0.884124
-1463	0.870659
-1462	0.855724
-1461	0.839657
-1460	0.822811
-1459	0.805549
-1458	0.788239
-1457	0.771247
-1456	0.754933
-1455	0.739645
-1454	0.725714
-1453	0.713447
-1452	0.703127
-1451	0.695002
-1450	0.689289
-1449	0.686164
-1448	0.685764
-1447	0.688182
-1446	0.693465
-1445	0.701619
-1444	0.712601
-1443	0.726326
-1442	0.742664
-1441	0.761445
-1440	0.782458
-1439	0.805460
-1438	0.830172
-1437	0.856291
-1436	0.883487
-1435	0.911415
-1434	0.939715
-1433	0.968019
-1432	0.995958
-1431	1.023167
-1430	1.049287
-1429	1.073976
-1428	1.096910
-1427	1.117789
-1426	1.136344
-1425	1.152335
-1424	1.165561
-1423	1.175861
-1422	1.183113
-1421	1.187241
-1420	1.188213
-1419	1.186043
-1418	1.180788
-1417	1.172552
-1416	1.161479
-1415	1.147754
-1414	1.131602
-1413	1.113280
-1412	1.093075
-1411	1.071301
-1410	1.048295
-1409	1.024407
-1408	1.000000
-1407	0.975443
-1406	0.951103
-1405	0.927343
-1404	0.904516
-1403	0.882956
-1402	0.862979
-1401	0.844871
-1400	0.828891
-1399	0.815262
-1398	0.804171
-1397	0.795762
-1396	0.790140
-1395	0.787362
-1394	0.787442
-1393	0.790350
-1392	0.796009
-1391	0.804300
-1390	0.815061
-1389	0.828091
-1388	0.843153
-1387	0.859977
-1386	0.878265
-1385	0.897694
-1384	0.917922
-1383	0.938593
-1382	0.959342
-1381	0.979800
-1380	0.999601
-1379	1.018387
-1378	1.035813
-1377	1.051552
-1376	1.065301
-1375	1.076783
-1374	1.085755
-1373	1.092010
-1372	1.095377
-1371	1.095730
-1370	1.092983
-1369	1.087098
-1368	1.078078
-1367	1.065976
-1366	1.050885
-1365	1.032944
-1364	1.012331
-1363	0.989263
-1362	0.963993
-1361	0.936804
-1360	0.908006
-1359	0.877932
-1358	0.846931
-1357	0.815365
-1356	0.783604
-1355	0.752017
-1354	0.720968
-1353	0.690815
-1352	0.661896
-1351	0.634533
-1350	0.609019
-1349	0.585619
-1348	0.564567
-1347	0.546056
-1346	0.530241
-1345	0.517235
-1344	0.507107
-1343	0.499880
-1342	0.495534
-1341	0.494002
-1340	0.495175
-1339	0.498899
-1338	0.504983
-1337	0.513197
-1336	0.523279
-1335	0.534937
-1334	0.547854
-1333	0.561691
-1332	0.576096
-1331	0.590706
-1330	0.605154
-1329	0.619074
-1328	0.632107
-1327	0.643905
-1326	0.654137
-1325	0.662498
-1324	0.668705
-1323	0.672509
-1322	0.673696
-1321	0.672089
-1320	0.667554
-1319	0.659997
-1318	0.649370
-1317	0.635672
-1316	0.618943
-1315	0.599272
-1314	0.576787
-1313	0.551661
-1312	0.524105
-1311	0.494364
-1310	0.462716
-1309	0.429467
-1308	0.394947
-1307	0.359503
-1306	0.323495
-1305	0.287293
-1304	0.251267
-1303	0.215783
-1302	0.181202
-1301	0.147866
-1300	0.116102
-1299	0.086209
-1298	0.058460
-1297	0.033094
-1296	0.010314
-1295	-0.009715
-1294	-0.026873
-1293	-0.041082
-1292	-0.052306
-1291	-0.060560
-1290	-0.065898
-1289	-0.068423
-1288	-0.068277
-1287	-0.065644
-1286	-0.060747
-1285	-0.053841
-1284	-0.045212
-1283	-0.035172
-1282	-0.024055
-1281	-0.012211
-1280	-0.000000
-1279	0.012211
-1278	0.024055
-1277	0.035172
-1276	0.045212
-1275	0.053841
-1274	0.060747
-1273	0.065644
-1272	0.068277
-1271	0.068423
-1270	0.065898
-1269	0.060560
-1268	0.052306
-1267	0.041082
-1266	0.026873
-1265	0.009715
-1264	-0.010314
-1263	-0.033094
-1262	-0.058460
-1261	-0.086209
-1260	-0.116102
-1259	-0.147866
-1258	-0.181202
-1257	-0.215783
-1256	-0.251267
-1255	-0.287293
-1254	-0.323495
-1253	-0.359503
-1252	-0.394947
-1251	-0.429467
-1250	-0.462716
-1249	-0.494364
-1248	-0.524105
-1247	-0.551661
-1246	-0.576787
-1245	-0.599272
-1244	-0.618943
-1243	-0.635672
-1242	-0.649370
-1241	-0.659997
-1240	-0.667554
-1239	-0.672089
-1238	-0.673696
-1237	-0.672509
-1236	-0.668705
-1235	-0.662498
-1234	-0.654137
-1233	-0.643905
-1232	-0.632107
-1231	-0.619074
-1230	-0.605154
-1229	-0.590706
-1228	-0.576096
-1227	-0.561691
-1226	-0.547854
-1225	-0.534937
-1224	-0.523279
-1223	-0.513197
-1222	-0.504983
-1221	-0.498899
-1220	-0.495175
-1219	-0.494002
-1218	-0.495534
-1217	-0.499880
-1216	-0.507107
-1215	-0.517235
-1214	-0.530241
-1213	-0.546056
-1212	-0.564567
-1211	-0.585619
-1210	-0.609019
-1209	-0.634533
-1208	-0.661896
-1207	-0.690815
-1206	-0.720968
-1205	-0.752017
-1204	-0.783604
-1203	-0.815365
-1202	-0.846931
-1201	-0.877932
-1200	-0.908006
-1199	-0.936804
-1198	-0.963993
-1197	-0.989263
-1196	-1.012331
-1195	-1.032944
-1194	-1.050885
-1193	-1.065976
-1192	-1.078078
-1191	-1.087098
-1190	-1.092983
-1189	-1.095730
-1188	-1.095377
-1187	-1.092010
-1186	-1.085755
-1185	-1.076783
-1184	-1.065301
-1183	-1.051552
-1182	-1.035813
-1181	-1.018387
-1180	-0.999601
-1179	-0.979800
-1178	-0.959342
-1177	-0.938593
-1176	-0.917922
-1175	-0.897694
-1174	-0.878265
-1173	-0.859977
-1172	-0.843153
-1171	-0.828091
-1170	-0.815061
-1169	-0.804300
-1168	-0.796009
-1167	-0.790350
-1166	-0.787442
-1165	-0.787362
-1164	-0.790140
-1163	-0.795762
-1162	-0.804171
-1161	-0.815262
-1160	-0.828891
-1159	-0.844871
-1158	-0.862979
-1157	-0.882956
-1156	-0.904516
-1155	-0.927343
-1154	-0.951103
-1153	-0.975443
-1152	-1.000000
-1151	-1.024407
-1150	-1.048295
-1149	-1.071301
-1148	-1.093075
-1147	-1.113280
-1146	-1.131602
-1145	-1.147754
-1144	-1.161479
-1143	-1.172552
-1142	-1.180788
-1141	-1.186043
-1140	-1.188213
-1139	-1.187241
-1138	-1.183113
-1137	-1.175861
-1136	-1.165561
-1135	-1.152335
-1134	-1.136344
-1133	-1.117789
-1132	-1.096910
-1131	-1.073976
-1130	-1.049287
-1129	-1.023167
-1128	-0.995958
-1127	-0.968019
-1126	-0.939715
-1125	-0.911415
-1124	-0.883487
-1123	-0.856291
-1122	-0.830172
-1121	-0.805460
-1120	-0.782458
-1119	-0.761445
-1118	-0.742664
-1117	-0.726326
-1116	-0.712601
-1115	-0.701619
-1114	-0.693465
-1113	-0.688182
-1112	-0.685764
-1111	-0.686164
-1110	-0.689289
-1109	-0.695002
-1108	-0.703127
-1107	-0.713447
-1106	-0.725714
-1105	-0.739645
-1104	-0.754933
-1103	-0.771247
-1102	-0.788239
-1101	-0.805549
-1100	-0.822811
-1099	-0.839657
-1098	-0.855724
-1097	-0.870659
-1096	-0.884124
-1095	-0.895802
-1094	-0.905399
-1093	-0.912653
-1092	-0.917335
-1091	-0.919253
-1090	-0.918253
-1089	-0.914227
-1088	-0.907107
-1087	-0.896872
-1086	-0.883547
-1085	-0.867200
-1084	-0.847943
-1083	-0.825933
-1082	-0.801363
-1081	-0.774466
-1080	-0.745507
-1079	-0.714782
-1078	-0.682610
-1077	-0.649331
-1076	-0.615303
-1075	-0.580890
-1074	-0.546462
-1073	-0.512389
-1072	-0.479034
-1071	-0.446745
-1070	-0.415858
-1069	-0.386682
-1068	-0.359501
-1067	-0.334568
-1066	-0.312100
-1065	-0.292278
-1064	-0.275240
-1063	-0.261081
-1062	-0.249852
-1061	-0.241561
-1060	-0.236167
-1059	-0.233588
-1058	-0.233696
-1057	-0.236323
-1056	-0.241262
-1055	-0.248271
-1054	-0.257074
-1053	-0.267370
-1052	-0.278833
-1051	-0.291118
-1050	-0.303868
-1049	-0.316719
-1048	-0.329303
-1047	-0.341256
-1046	-0.352224
-1045	-0.361865
-1044	-0.369859
-1043	-0.375908
-1042	-0.379743
-1041	-0.381129
-1040	-0.379866
-1039	-0.375795
-1038	-0.368797
-1037	-0.358798
-1036	-0.345767
-1035	-0.329721
-1034	-0.310719
-1033	-0.288867
-1032	-0.264311
-1031	-0.237239
-1030	-0.207876
-1029	-0.176482
-1028	-0.143347
-1027	-0.108786
-1026	-0.073137
-1025	-0.036754
-1024	0.000000
-1023	0.036754
-1022	0.073137
-1021	0.108786
-1020	0.143347
-1019	0.176482
-1018	0.207876
-1017	0.237239
-1016	0.264311
-1015	0.288867
-1014	0.310719
-1013	0.329721
-1012	0.345767
-1011	0.358798
-1010	0.368797
-1009	0.375795
-1008	0.379866
-1007	0.381129
-1006	0.379743
-1005	0.375908
-1004	0.369859
-1003	0.361865
-1002	0.352224
-1001	0.341256
-1000	0.329303
-999	0.316719
-998	0.303868
-997	0.291118
-996	0.278833
-995	0.267370
-994	0.257074
-993	0.248271
-992	0.241262
-991	0.236323
-990	0.233696
-989	0.233588
-988	0.236167
-987	0.241561
-986	0.249852
-985	0.261081
-984	0.275240
-983	0.292278
-982	0.312100
-981	0.334568
-980	0.359501
-979	0.386682
-978	0.415858
-977	0.446745
-976	0.479034
-975	0.512389
-974	0.546462
-973	0.580890
-972	0.615303
-971	0.649331
-970	0.682610
-969	0.714782
-968	0.745507
-967	0.774466
-966	0.801363
-965	0.825933
-964	0.847943
-963	0.867200
-962	0.883547
-961	0.896872
-960	0.907107
-959	0.914227
-958	0.918253
-957	0.919253
-956	0.917335
-955	0.912653
-954	0.905399
-953	0.895802
-952	0.884124
-951	0.870659
-950	0.855724
-949	0.839657
-948	0.822811
-947	0.805549
-946	0.788239
-945	0.771247
-944	0.754933
-943	0.739645
-942	0.725714
-941	0.713447
-940	0.703127
-939	0.695002
-938	0.689289
-937	0.686164
-936	0.685764
-935	0.688182
-934	0.693465
-933	0.701619
-932	0.712601
-931	0.726326
-930	0.742664
-929	0.761445
-928	0.782458
-927	0.805460
-926	0.830172
-925	0.856291
-924	0.883487
-923	0.911415
-922	0.939715
-921	0.968019
-920	0.995958
-919	1.023167
-918	1.049287
-917	1.073976
-916	1.096910
-915	1.117789
-914	1.136344
-913	1.152335
-912	1.165561
-911	1.175861
-910	1.183113
-909	1.187241
-908	1.188213
-907	1.186043
-906	1.180788
-905	1.172552
-904	1.161479
-903	1.147754
-902	1.131602
-901	1.113280
-900	1.093075
-899	1.071301
-898	1.048295
-897	1.024407
-896	1.000000
-895	0.975443
-894	0.951103
-893	0.927343
-892	0.904516
-891	0.882956
-890	0.862979
-889	0.844871
-888	0.828891
-887	0.815262
-886	0.804171
-885	0.795762
-884	0.790140
-883	0.787362
-882	0.787442
-881	0.790350
-880	0.796009
-879	0.804300
-878	0.815061
-877	0.828091
-876	0.843153
-875	0.859977
-874	0.878265
-873	0.897694
-872	0.917922
-871	0.938593
-870	0.959342
-869	0.979800
-868	0.999601
-867	1.018387
-866	1.035813
-865	1.051552
-864	1.065301
-863	1.076783
-862	1.085755
-861	1.092010
-860	1.095377
-859	1.095730
-858	1.092983
-857	1.087098
-856	1.078078
-855	1.065976
-854	1.050885
-853	1.032944
-852	1.012331
-851	0.989263
-850	0.963993
-849	0.936804
-848	0.908006
-847	0.877932
-846	0.846931
-845	0.815365
-844	0.783604
-843	0.752017
-842	0.720968
-841	0.690815
-840	0.661896
-839	0.634533
-838	0.609019
-837	0.585619
-836	0.564567
-835	0.546056
-834	0.530241
-833	0.517235
-832	0.507107
-831	0.499880
-830	0.495534
-829	0.494002
-828	0.495175
-827	0.498899
-826	0.504983
-825	0.513197
-824	0.523279
-823	0.534937
-822	0.547854
-821	0.561691
-820	0.576096
-819	0.590706
-818	0.605154
-817	0.619074
-816	0.632107
-815	0.643905
-814	0.654137
-813	0.662498
-812	0.668705
-811	0.672509
-810	0.673696
-809	0.672089
-808	0.667554
-807	0.659997
-806	0.649370
-805	0.635672
-804	0.618943
-803	0.599272
-802	0.576787
-801	0.551661
-800	0.524105
-799	0.494364
-798	0.462716
-797	0.429467
-796	0.394947
-795	0.359503
-794	0.323495
-793	0.287293
-792	0.251267
-791	0.215783
-790	0.181202
-789	0.147866
-788	0.116102
-787	0.086209
-786	0.058460
-785	0.033094
-784	0.010314
-783	-0.009715
-782	-0.026873
-781	-0.041082
-780	-0.052306
-779	-0.060560
-778	-0.065898
-777	-0.068423
-776	-0.068277
-775	-0.065644
-774	-0.060747
-773	-0.053841
-772	-0.045212
-771	-0.035172
-770	-0.024055
-769	-0.012211
-768	0.000000
-767	0.012211
-766	0.024055
-765	0.035172
-764	0.045212
-763	0.053841
-762	0.060747
-761	0.065644
-760	0.068277
-759	0.068423
-758	0.065898
-757	0.060560
-756	0.052306
-755	0.041082
-754	0.026873
-753	0.009715
-752	-0.010314
-751	-0.033094
-750	-0.058460
-749	-0.086209
-748	-0.116102
-747	-0.147866
-746	-0.181202
-745	-0.215783
-744	-0.251267
-743	-0.287293
-742	-0.323495
-741	-0.359503
-740	-0.394947
-739	-0.429467
-738	-0.462716
-737	-0.494364
-736	-0.524105
-735	-0.551661
-734	-0.576787
-733	-0.599272
-732	-0.618943
-731	-0.635672
-730	-0.649370
-729	-0.659997
-728	-0.667554
-727	-0.672089
-726	-0.673696
-725	-0.672509
-724	-0.668705
-723	-0.662498
-722	-0.654137
-721	-0.643905
-720	-0.632107
-719	-0.619074
-718	-0.605154
-717	-0.590706
-716	-0.576096
-715	-0.561691
-714	-0.547854
-713	-0.534937
-712	-0.523279
-711	-0.513197
-710	-0.504983
-709	-0.498899
-708	-0.495175
-707	-0.494002
-706	-0.495534
-705	-0.499880
-704	-0.507107
-703	-0.517235
-702	-0.530241
-701	-0.546056
-700	-0.564567
-699	-0.585619
-698	-0.609019
-697	-0.634533
-696	-0.661896
-695	-0.690815
-694	-0.720968
-693	-0.752017
-692	-0.783604
-691	-0.815365
-690	-0.846931
-689	-0.877932
-688	-0.908006
-687	-0.936804
-686	-0.963993
-685	-0.989263
-684	-1.012331
-683	-1.032944
-682	-1.050885
-681	-1.065976
-680	-1.078078
-679	-1.087098
-678	-1.092983
-677	-1.095730
-676	-1.095377
-675	-1.092010
-674	-1.085755
-673	-1.076783
-672	-1.065301
-671	-1.051552
-670	-1.035813
-669	-1.018387
-668	-0.999601
-667	-0.979800
-666	-0.959342
-665	-0.938593
-664	-0.917922
-663	-0.897694
-662	-0.878265
-661	-0.859977
-660	-0.843153
-659	-0.828091
-658	-0.815061
-657	-0.804300
-656	-0.796009
-655	-0.790350
-654	-0.787442
-653	-0.787362
-652	-0.790140
-651	-0.795762
-650	-0.804171
-649	-0.815262
-648	-0.828891
-647	-0.844871
-646	-0.862979
-645	-0.882956
-644	-0.904516
-643	-0.927343
-642	-0.951103
-641	-0.975443
-640	-1.000000
-639	-1.024407
-638	-1.048295
-637	-1.071301
-636	-1.093075
-635	-1.113280
-634	-1.131602
-633	-1.147754
-632	-1.161479
-631	-1.172552
-630	-1.180788
-629	-1.186043
-628	-1.188213
-627	-1.187241
-626	-1.183113
-625	-1.175861
-624	-1.165561
-623	-1.152335
-622	-1.136344
-621	-1.117789
-620	-1.096910
-619	-1.073976
-618	-1.049287
-617	-1.023167
-616	-0.995958
-615	-0.968019
-614	-0.939715
-613	-0.911415
-612	-0.883487
-611	-0.856291
-610	-0.830172
-609	-0.805460
-608	-0.782458
-607	-0.761445
-606	-0.742664
-605	-0.726326
-604	-0.712601
-603	-0.701619
-602	-0.693465
-601	-0.688182
-600	-0.685764
-599	-0.686164
-598	-0.689289
-597	-0.695002
-596	-0.703127
-595	-0.713447
-594	-0.725714
-593	-0.739645
-592	-0.754933
-591	-0.771247
-590	-0.788239
-589	-0.805549
-588	-0.822811
-587	-0.839657
-586	-0.855724
-585	-0.870659
-584	-0.884124
-583	-0.895802
-582	-0.905399
-581	-0.912653
-580	-0.917335
-579	-0.919253
-578	-0.918253
-577	-0.914227
-576	-0.907107
-575	-0.896872
-574	-0.883547
-573	-0.867200
-572	-0.847943
-571	-0.825933
-570	-0.801363
-569	-0.774466
-568	-0.745507
-567	-0.714782
-566	-0.682610
-565	-0.649331
-564	-0.615303
-563	-0.580890
-562	-0.546462
-561	-0.512389
-560	-0.479034
-559	-0.446745
-558	-0.415858
-557	-0.386682
-556	-0.359501
-555	-0.334568
-554	-0.312100
-553	-0.292278
-552	-0.275240
-551	-0.261081
-550	-0.249852
-549	-0.241561
-548	-0.236167
-547	-0.233588
-546	-0.233696
-545	-0.236323
-544	-0.241262
-543	-0.248271
-542	-0.257074
-541	-0.267370
-540	-0.278833
-539	-0.291118
-538	-0.303868
-537	-0.316719
-536	-0.329303
-535	-0.341256
-534	-0.352224
-533	-0.361865
-532	-0.369859
-531	-0.375908
-530	-0.379743
-529	-0.381129
-528	-0.379866
-527	-0.375795
-526	-0.368797
-525	-0.358798
-524	-0.345767
-523	-0.329721
-522	-0.310719
-521	-0.288867
-520	-0.264311
-519	-0.237239
-518	-0.207876
-517	-0.176482
-516	-0.143347
-515	-0.108786
-514	-0.073137
-513	-0.036754
-512	0.000000
-511	0.036754
-510	0.073137
-509	0.108786
-508	0.143347
-507	0.176482
-506	0.207876
-505	0.237239
-504	0.264311
-503	0.288867
-502	0.310719
-501	0.329721
-500	0.345767
-499	0.358798
-498	0.368797
-497	0.375795
-496	0.379866
-495	0.381129
-494	0.379743
-493	0.375908
-492	0.369859
-491	0.361865
-490	0.352224
-489	0.341256
-488	0.329303
-487	0.316719
-486	0.303868
-485	0.291118
-484	0.278833
-483	0.267370
-482	0.257074
-481	0.248271
-480	0.241262
-479	0.236323
-478	0.233696
-477	0.233588
-476	0.236167
-475	0.241561
-474	0.249852
-473	0.261081
-472	0.275240
-471	0.292278
-470	0.312100
-469	0.334568
-468	0.359501
-467	0.386682
-466	0.415858
-465	0.446745
-464	0.479034
-463	0.512389
-462	0.546462
-461	0.580890
-460	0.615303
-459	0.649331
-458	0.682610
-457	0.714782
-456	0.745507
-455	0.774466
-454	0.801363
-453	0.825933
-452	0.847943
-451	0.867200
-450	0.883547
-449	0.896872
-448	0.907107
-447	0.914227
-446	0.918253
-445	0.919253
-444	0.917335
-443	0.912653
-442	0.905399
-441	0.895802
-440	0.884124
-439	0.870659
-438	0.855724
-437	0.839657
-436	0.822811
-435	0.805549
-434	0.788239
-433	0.771247
-432	0.754933
-431	0.739645
-430	0.725714
-429	0.713447
-428	0.703127
-427	0.695002
-426	0.689289
-425	0.686164
-424	0.685764
-423	0.688182
-422	0.693465
-421	0.701619
-420	0.712601
-419	0.726326
-418	0.742664
-417	0.761445
-416	0.782458
-415	0.805460
-414	0.830172
-413	0.856291
-412	0.883487
-411	0.911415
-410	0.939715
-409	0.968019
-408	0.995958
-407	1.023167
-406	1.049287
-405	1.073976
-404	1.096910
-403	1.117789
-402	1.136344
-401	1.152335
-400	1.165561
-399	1.175861
-398	1.183113
-397	1.187241
-396	1.188213
-395	1.186043
-394	1.180788
-393	1.172552
-392	1.161479
-391	1.147754
-390	1.131602
-389	1.113280
-388	1.093075
-387	1.071301
-386	1.048295
-385	1.024407
-384	1.000000
-383	0.975443
-382	0.951103
-381	0.927343
-380	0.904516
-379	0.882956
-378	0.862979
-377	0.844871
-376	0.828891
-375	0.815262
-374	0.804171
-373	0.795762
-372	0.790140
-371	0.787362
-370	0.787442
-369	0.790350
-368	0.796009
-367	0.804300
-366	0.815061
-365	0.828091
-364	0.843153
-363	0.859977
-362	0.878265
-361	0.897694
-360	0.917922
-359	0.938593
-358	0.959342
-357	0.979800
-356	0.999601
-355	1.018387
-354	1.035813
-353	1.051552
-352	1.065301
-351	1.076783
-350	1.085755
-349	1.092010
-348	1.095377
-347	1.095730
-346	1.092983
-345	1.087098
-344	1.078078
-343	1.065976
-342	1.050885
-341	1.032944
-340	1.012331
-339	0.989263
-338	0.963993
-337	0.936804
-336	0.908006
-335	0.877932
-334	0.846931
-333	0.815365
-332	0.783604
-331	0.752017
-330	0.720968
-329	0.690815
-328	0.661896
-327	0.634533
-326	0.609019
-325	0.585619
-324	0.564567
-323	0.546056
-322	0.530241
-321	0.517235
-320	0.507107
-319	0.499880
-318	0.495534
-317	0.494002
-316	0.495175
-315	0.498899
-314	0.504983
-313	0.513197
-312	0.523279
-311	0.534937
-310	0.547854
-309	0.561691
-308	0.576096
-307	0.590706
-306	0.605154
-305	0.619074
-304	0.632107
-303	0.643905
-302	0.654137
-301	0.662498
-300	0.668705
-299	0.672509
-298	0.673696
-297	0.672089
-296	0.667554
-295	0.659997
-294	0.649370
-293	0.635672
-292	0.618943
-291	0.599272
-290	0.576787
-289	0.551661
-288	0.524105
-287	0.494364
-286	0.462716
-285	0.429467
-284	0.394947
-283	0.359503
-282	0.323495
-281	0.287293
-280	0.251267
-279	0.215783
-278	0.181202
-277	0.147866
-276	0.116102
-275	0.086209
-274	0.058460
-273	0.033094
-272	0.010314
-271	-0.009715
-270	-0.026873
-269	-0.041082
-268	-0.052306
-267	-0.060560
-266	-0.065898
-265	-0.068423
-264	-0.068277
-263	-0.065644
-262	-0.060747
-261	-0.053841
-260	-0.045212
-259	-0.035172
-258	-0.024055
-257	-0.012211
-256	0.000000
-255	0.012211
-254	0.024055
-253	0.035172
-252	0.045212
-251	0.053841
-250	0.060747
-249	0.065644
-248	0.068277
-247	0.068423
-246	0.065898
-245	0.060560
-244	0.052306
-243	0.041082
-242	0.026873
-241	0.009715
-240	-0.010314
-239	-0.033094
-238	-0.058460
-237	-0.086209
-236	-0.116102
-235	-0.147866
-234	-0.181202
-233	-0.215783
-232	-0.251267
-231	-0.287293
-230	-0.323495
-229	-0.359503
-228	-0.394947
-227	-0.429467
-226	-0.462716
-225	-0.494364
-224	-0.524105
-223	-0.551661
-222	-0.576787
-221	-0.599272
-220	-0.618943
-219	-0.635672
-218	-0.649370
-217	-0.659997
-216	-0.667554
-215	-0.672089
-214	-0.673696
-213	-0.672509
-212	-0.668705
-211	-0.662498
-210	-0.654137
-209	-0.643905
-208	-0.632107
-207	-0.619074
-206	-0.605154
-205	-0.590706
-204	-0.576096
-203	-0.561691
-202	-0.547854
-201	-0.534937
-200	-0.523279
-199	-0.513197
-198	-0.504983
-197	-0.498899
-196	-0.495175
-195	-0.494002
-194	-0.495534
-193	-0.499880
-192	-0.507107
-191	-0.517235
-190	-0.530241
-189	-0.546056
-188	-0.564567
-187	-0.585619
-186	-0.609019
-185	-0.634533
-184	-0.661896
-183	-0.690815
-182	-0.720968
-181	-0.752017
-180	-0.783604
-179	-0.815365
-178	-0.846931
-177	-0.877932
-176	-0.908006
-175	-0.936804
-174	-0.963993
-173	-0.989263
-172	-1.012331
-171	-1.032944
-170	-1.050885
-169	-1.065976
-168	-1.078078
-167	-1.087098
-166	-1.092983
-165	-1.095730
-164	-1.095377
-163	-1.092010
-162	-1.085755
-161	-1.076783
-160	-1.065301
-159	-1.051552
-158	-1.035813
-157	-1.018387
-156	-0.999601
-155	-0.979800
-154	-0.959342
-153	-0.938593
-152	-0.917922
-151	-0.897694
-150	-0.878265
-149	-0.859977
-148	-0.843153
-147	-0.828091
-146	-0.815061
-145	-0.804300
-144	-0.796009
-143	-0.790350
-142	-0.787442
-141	-0.787362
-140	-0.790140
-139	-0.795762
-138	-0.804171
-137	-0.815262
-136	-0.828891
-135	-0.844871
-134	-0.862979
-133	-0.882956
-132	-0.904516
-131	-0.927343
-130	-0.951103
-129	-0.975443
-128	-1.000000
-127	-1.024407
-126	-1.048295
-125	-1.071301
-124	-1.093075
-123	-1.113280
-122	-1.131602
-121	-1.147754
-120	-1.161479
-119	-1.172552
-118	-1.180788
-117	-1.186043
-116	-1.188213
-115	-1.187241
-114	-1.183113
-113	-1.175861
-112	-1.165561
-111	-1.152335
-110	-1.136344
-109	-1.117789
-108	-1.096910
-107	-1.073976
-106	-1.049287
-105	-1.023167
-104	-0.995958
-103	-0.968019
-102	-0.939715
-101	-0.911415
-100	-0.883487
-99	-0.856291
-98	-0.830172
-97	-0.805460
-96	-0.782458
-95	-0.761445
-94	-0.742664
-93	-0.726326
-92	-0.712601
-91	-0.701619
-90	-0.693465
-89	-0.688182
-88	-0.685764
-87	-0.686164
-86	-0.689289
-85	-0.695002
-84	-0.703127
-83	-0.713447
-82	-0.725714
-81	-0.739645
-80	-0.754933
-79	-0.771247
-78	-0.788239
-77	-0.805549
-76	-0.822811
-75	-0.839657
-74	-0.855724
-73	-0.870659
-72	-0.884124
-71	-0.895802
-70	-0.905399
-69	-0.912653
-68	-0.917335
-67	-0.919253
-66	-0.918253
-65	-0.914227
-64	-0.907107
-63	-0.896872
-62	-0.883547
-61	-0.867200
-60	-0.847943
-59	-0.825933
-58	-0.801363
-57	-0.774466
-56	-0.745507
-55	-0.714782
-54	-0.682610
-53	-0.649331
-52	-0.615303
-51	-0.580890
-50	-0.546462
-49	-0.512389
-48	-0.479034
-47	-0.446745
-46	-0.415858
-45	-0.386682
-44	-0.359501
-43	-0.334568
-42	-0.312100
-41	-0.292278
-40	-0.275240
-39	-0.261081
-38	-0.249852
-37	-0.241561
-36	-0.236167
-35	-0.233588
-34	-0.233696
-33	-0.236323
-32	-0.241262
-31	-0.248271
-30	-0.257074
-29	-0.267370
-28	-0.278833
-27	-0.291118
-26	-0.303868
-25	-0.316719
-24	-0.329303
-23	-0.341256
-22	-0.352224
-21	-0.361865
-20	-0.369859
-19	-0.375908
-18	-0.379743
-17	-0.381129
-16	-0.379866
-15	-0.375795
-14	-0.368797
-13	-0.358798
-12	-0.345767
-11	-0.329721
-10	-0.310719
-9	-0.288867
-8	-0.264311
-7	-0.237239
-6	-0.207876
-5	-0.176482
-4	-0.143347
-3	-0.108786
-2	-0.073137
-1	-0.036754
0	0.000000
1	0.036754
2	0.073137
3	0.108786
4	0.143347
5	0.176482
6	0.207876
7	0.237239
8	0.264311
9	0.288867
10	0.310719
11	0.329721
12	0.345767
13	0.358798
14	0.368797
15	0.375795
16	0.379866
17	0.381129
18	0.379743
19	0.375908
20	0.369859
21	0.361865
22	0.352224
23	0.341256
24	0.329303
25	0.316719
26	0.303868
27	0.291118
28	0.278833
29	0.267370
30	0.257074
31	0.248271
32	0.241262
33	0.236323
34	0.233696
35	0.233588
36	0.236167
37	0.241561
38	0.249852
39	0.261081
40	0.275240
41	0.292278
42	0.312100
43	0.334568
44	0.359501
45	0.386682
46	0.415858
47	0.446745
48	0.479034
49	0.512389
50	0.546462
51	0.580890
52	0.615303
53	0.649331
54	0.682610
55	0.714782
56	0.745507
57	0.774466
58	0.801363
59	0.825933
60	0.847943
61	0.867200
62	0.883547
63	0.896872
64	0.907107
65	0.914227
66	0.918253
67	0.919253
68	0.917335
69	0.912653
70	0.905399
71	0.895802
72	0.884124
73	0.870659
74	0.855724
75	0.839657
76	0.822811
77	0.805549
78	0.788239
79	0.771247
80	0.754933
81	0.739645
82	0.725714
83	0.713447
84	0.703127
85	0.695002
86	0.689289
87	0.686164
88	0.685764
89	0.688182
90	0.693465
91	0.701619
92	0.712601
93	0.726326
94	0.742664
95	0.761445
96	0.782458
97	0.805460
98	0.830172
99	0.856291
100	0.883487
101	0.911415
102	0.939715
103	0.968019
104	0.995958
105	1.023167
106	1.049287
107	1.073976
108	1.096910
109	1.117789
110	1.136344
111	1.152335
112	1.165561
113	1.175861
114	1.183113
115	1.187241
116	1.188213
117	1.186043
118	1.180788
119	1.172552
120	1.161479
121	1.147754
122	1.131602
123	1.113280
124	1.093075
125	1.071301
126	1.048295
127	1.024407
128	1.000000
129	0.975443
130	0.951103
131	0.927343
132	0.904516
133	0.882956
134	0.862979
135	0.844871
136	0.828891
137	0.815262
138	0.804171
139	0.795762
140	0.790140
141	0.787362
142	0.787442
143	0.790350
144	0.796009
145	0.804300
146	0.815061
147	0.828091
148	0.843153
149	0.859977
150	0.878265
151	0.897694
152	0.917922
153	0.938593
154	0.959342
155	0.979800
156	0.999601
157	1.018387
158	1.035813
159	1.051552
160	1.065301
161	1.076783
162	1.085755
163	1.092010
164	1.095377
165	1.095730
166	1.092983
167	1.087098
168	1.078078
169	1.065976
170	1.050885
171	1.032944
172	1.012331
173	0.989263
174	0.963993
175	0.936804
176	0.908006
177	0.877932
178	0.846931
179	0.815365
180	0.783604
181	0.752017
182	0.720968
183	0.690815
184	0.661896
185	0.634533
186	0.609019
187	0.585619
188	0.564567
189	0.546056
190	0.530241
191	0.517235
192	0.507107
193	0.499880
194	0.495534
195	0.494002
196	0.495175
197	0.498899
198	0.504983
199	0.513197
200	0.523279
201	0.534937
202	0.547854
203	0.561691
204	0.576096
205	0.590706
206	0.605154
207	0.619074
208	0.632107
209	0.643905
210	0.654137
211	0.662498
212	0.668705
213	0.672509
214	0.673696
215	0.672089
216	0.667554
217	0.659997
218	0.649370
219	0.635672
220	0.618943
221	0.599272
222	0.576787
223	0.551661
224	0.524105
225	0.494364
226	0.462716
227	0.429467
228	0.394947
229	0.359503
230	0.323495
231	0.287293
232	0.251267
233	0.215783
234	0.181202
235	0.147866
236	0.116102
237	0.086209
238	0.058460
239	0.033094
240	0.010314
241	-0.009715
242	-0.026873
243	-0.041082
244	-0.052306
245	-0.060560
246	-0.065898
247	-0.068423
248	-0.068277
249	-0.065644
250	-0.060747
251	-0.053841
252	-0.045212
253	-0.035172
254	-0.024055
255	-0.012211
256	-0.000000
257	0.012211
258	0.024055
259	0.035172
260	0.045212
261	0.053841
262	0.060747
263	0.065644
264	0.068277
265	0.068423
266	0.065898
267	0.060560
268	0.052306
269	0.041082
270	0.026873
271	0.009715
272	-0.010314
273	-0.033094
274	-0.058460
275	-0.086209
276	-0.116102
277	-0.147866
278	-0.181202
279	-0.215783
280	-0.251267
281	-0.287293
282	-0.323495
283	-0.359503
284	-0.394947
285	-0.429467
286	-0.462716
287	-0.494364
288	-0.524105
289	-0.551661
290	-0.576787
291	-0.599272
292	-0.618943
293	-0.635672
294	-0.649370
295	-0.659997
296	-0.667554
297	-0.672089
298	-0.673696
299	-0.672509
300	-0.668705
301	-0.662498
302	-0.654137
303	-0.643905
304	-0.632107
305	-0.619074
306	-0.605154
307	-0.590706
308	-0.576096
309	-0.561691
310	-0.547854
311	-0.534937
312	-0.523279
313	-0.513197
314	-0.504983
315	-0.498899
316	-0.495175
317	-0.494002
318	-0.495534
319	-0.499880
320	-0.507107
321	-0.517235
322	-0.530241
323	-0.546056
324	-0.564567
325	-0.585619
326	-0.609019
327	-0.634533
328	-0.661896
329	-0.690815
330	-0.720968
331	-0.752017
332	-0.783604
333	-0.815365
334	-0.846931
335	-0.877932
336	-0.908006
337	-0.936804
338	-0.963993
339	-0.989263
340	-1.012331
341	-1.032944
342	-1.050885
343	-1.065976
344	-1.078078
345	-1.087098
346	-1.092983
347	-1.095730
348	-1.095377
349	-1.092010
350	-1.085755
351	-1.076783
352	-1.065301
353	-1.051552
354	-1.035813
355	-1.018387
356	-0.999601
357	-0.979800
358	-0.959342
359	-0.938593
360	-0.917922
361	-0.897694
362	-0.878265
363	-0.859977
364	-0.843153
365	-0.828091
366	-0.815061
367	-0.804300
368	-0.796009
369	-0.790350
370	-0.787442
371	-0.787362
372	-0.790140
373	-0.795762
374	-0.804171
375	-0.815262
376	-0.828891
377	-0.844871
378	-0.862979
379	-0.882956
380	-0.904516
381	-0.927343
382	-0.951103
383	-0.975443
384	-1.000000
385	-1.024407
386	-1.048295
387	-1.071301
388	-1.093075
389	-1.113280
390	-1.131602
391	-1.147754
392	-1.161479
393	-1.172552
394	-1.180788
395	-1.186043
396	-1.188213
397	-1.187241
398	-1.183113
399	-1.175861
400	-1.165561
401	-1.152335
402	-1.136344
403	-1.117789
404	-1.096910
405	-1.073976
406	-1.049287
407	-1.023167
408	-0.995958
409	-0.968019
410	-0.939715
411	-0.911415
412	-0.883487
413	-0.856291
414	-0.830172
415	-0.805460
416	-0.782458
417	-0.761445
418	-0.742664
419	-0.726326
420	-0.712601
421	-0.701619
422	-0.693465
423	-0.688182
424	-0.685764
425	-0.686164
426	-0.689289
427	-0.695002
428	-0.703127
429	-0.713447
430	-0.725714
431	-0.739645
432	-0.754933
433	-0.771247
434	-0.788239
435	-0.805549
436	-0.822811
437	-0.839657
438	-0.855724
439	-0.870659
440	-0.884124
441	-0.895802
442	-0.905399
443	-0.912653
444	-0.917335
445	-0.919253
446	-0.918253
447	-0.914227
448	-0.907107
449	-0.896872
450	-0.883547
451	-0.867200
452	-0.847943
453	-0.825933
454	-0.801363
455	-0.774466
456	-0.745507
457	-0.714782
458	-0.682610
459	-0.649331
460	-0.615303
461	-0.580890
462	-0.546462
463	-0.512389
464	-0.479034
465	-0.446745
466	-0.415858
467	-0.386682
468	-0.359501
469	-0.334568
470	-0.312100
471	-0.292278
472	-0.275240
473	-0.261081
474	-0.249852
475	-0.241561
476	-0.236167
477	-0.233588
478	-0.233696
479	-0.236323
480	-0.241262
481	-0.248271
482	-0.257074
483	-0.267370
484	-0.278833
485	-0.291118
486	-0.303868
487	-0.316719
488	-0.329303
489	-0.341256
490	-0.352224
491	-0.361865
492	-0.369859
493	-0.375908
494	-0.379743
495	-0.381129
496	-0.379866
497	-0.375795
498	-0.368797
499	-0.358798
500	-0.345767
501	-0.329721
502	-0.310719
503	-0.288867
504	-0.264311
505	-0.237239
506	-0.207876
507	-0.176482
508	-0.143347
509	-0.108786
510	-0.073137
511	-0.036754
512	-0.000000
513	0.036754
514	0.073137
515	0.108786
516	0.143347
517	0.176482
518	0.207876
519	0.237239
520	0.264311
521	0.288867
522	0.310719
523	0.329721
524	0.345767
525	0.358798
526	0.368797
527	0.375795
528	0.379866
529	0.381129
530	0.379743
531	0.375908
532	0.369859
533	0.361865
534	0.352224
535	0.341256
536	0.329303
537	0.316719
538	0.303868
539	0.291118
540	0.278833
541	0.267370
542	0.257074
543	0.248271
544	0.241262
545	0.236323
546	0.233696
547	0.233588
548	0.236167
549	0.241561
550	0.249852
551	0.261081
552	0.275240
553	0.292278
554	0.312100
555	0.334568
556	0.359501
557	0.386682
558	0.415858
559	0.446745
560	0.479034
561	0.512389
562	0.546462
563	0.580890
564	0.615303
565	0.649331
566	0.682610
567	0.714782
568	0.745507
569	0.774466
570	0.801363
571	0.825933
572	0.847943
573	0.867200
574	0.883547
575	0.896872
576	0.907107
577	0.914227
578	0.918253
579	0.919253
580	0.917335
581	0.912653
582	0.905399
583	0.895802
584	0.884124
585	0.870659
586	0.855724
587	0.839657
588	0.822811
589	0.805549
590	0.788239
591	0.771247
592	0.754933
593	0.739645
594	0.725714
595	0.713447
596	0.703127
597	0.695002
598	0.689289
599	0.686164
600	0.685764
601	0.688182
602	0.693465
603	0.701619
604	0.712601
605	0.726326
606	0.742664
607	0.761445
608	0.782458
609	0.805460
610	0.830172
611	0.856291
612	0.883487
613	0.911415
614	0.939715
615	0.968019
616	0.995958
617	1.023167
618	1.049287
619	1.073976
620	1.096910
621	1.117789
622	1.136344
623	1.152335
624	1.165561
625	1.175861
626	1.183113
627	1.187241
628	1.188213
629	1.186043
630	1.180788
631	1.172552
632	1.161479
633	1.147754
634	1.131602
635	1.113280
636	1.093075
637	1.071301
638	1.048295
639	1.024407
640	1.000000
641	0.975443
642	0.951103
643	0.927343
644	0.904516
645	0.882956
646	0.862979
647	0.844871
648	0.828891
649	0.815262
650	0.804171
651	0.795762
652	0.790140
653	0.787362
654	0.787442
655	0.790350
656	0.796009
657	0.804300
658	0.815061
659	0.828091
660	0.843153
661	0.859977
662	0.878265
663	0.897694
664	0.917922
665	0.938593
666	0.959342
667	0.979800
668	0.999601
669	1.018387
670	1.035813
671	1.051552
672	1.065301
673	1.076783
674	1.085755
675	1.092010
676	1.095377
677	1.095730
678	1.092983
679	1.087098
680	1.078078
681	1.065976
682	1.050885
683	1.032944
684	1.012331
685	0.989263
686	0.963993
687	0.936804
688	0.908006
689	0.877932
690	0.846931
691	0.815365
692	0.783604
693	0.752017
694	0.720968
695	0.690815
696	0.661896
697	0.634533
698	0.609019
699	0.585619
700	0.564567
701	0.546056
702	0.530241
703	0.517235
704	0.507107
705	0.499880
706	0.495534
707	0.494002
708	0.495175
709	0.498899
710	0.504983
711	0.513197
712	0.523279
713	0.534937
714	0.547854
715	0.561691
716	0.576096
717	0.590706
718	0.605154
719	0.619074
720	0.632107
721	0.643905
722	0.654137
723	0.662498
724	0.668705
725	0.672509
726	0.673696
727	0.672089
728	0.667554
729	0.659997
730	0.649370
731	0.635672
732	0.618943
733	0.599272
734	0.576787
735	0.551661
736	0.524105
737	0.494364
738	0.462716
739	0.429467
740	0.394947
741	0.359503
742	0.323495
743	0.287293
744	0.251267
745	0.215783
746	0.181202
747	0.147866
748	0.116102
749	0.086209
750	0.058460
751	0.033094
752	0.010314
753	-0.009715
754	-0.026873
755	-0.041082
756	-0.052306
757	-0.060560
758	-0.065898
759	-0.068423
760	-0.068277
761	-0.065644
762	-0.060747
763	-0.053841
764	-0.045212
765	-0.035172
766	-0.024055
767	-0.012211
768	-0.000000
769	0.012211
770	0.024055
771	0.035172
772	0.045212
773	0.053841
774	0.060747
775	0.065644
776	0.068277
777	0.068423
778	0.065898
779	0.060560
780	0.052306
781	0.041082
782	0.026873
783	0.009715
784	-0.010314
785	-0.033094
786	-0.058460
787	-0.086209
788	-0.116102
789	-0.147866
790	-0.181202
791	-0.215783
792	-0.251267
793	-0.287293
794	-0.323495
795	-0.359503
796	-0.394947
797	-0.429467
798	-0.462716
799	-0.494364
800	-0.524105
801	-0.551661
802	-0.576787
803	-0.599272
804	-0.618943
805	-0.635672
806	-0.649370
807	-0.659997
808	-0.667554
809	-0.672089
810	-0.673696
811	-0.672509
812	-0.668705
813	-0.662498
814	-0.654137
815	-0.643905
816	-0.632107
817	-0.619074
818	-0.605154
819	-0.590706
820	-0.576096
821	-0.561691
822	-0.547854
823	-0.534937
824	-0.523279
825	-0.513197
826	-0.504983
827	-0.498899
828	-0.495175
829	-0.494002
830	-0.495534
831	-0.499880
832	-0.507107
833	-0.517235
834	-0.530241
835	-0.546056
836	-0.564567
837	-0.585619
838	-0.609019
839	-0.634533
840	-0.661896
841	-0.690815
842	-0.720968
843	-0.752017
844	-0.783604
845	-0.815365
846	-0.846931
847	-0.877932
848	-0.908006
849	-0.936804
850	-0.963993
851	-0.989263
852	-1.012331
853	-1.032944
854	-1.050885
855	-1.065976
856	-1.078078
857	-1.087098
858	-1.092983
859	-1.095730
860	-1.095377
861	-1.092010
862	-1.085755
863	-1.076783
864	-1.065301
865	-1.051552
866	-1.035813
867	-1.018387
868	-0.999601
869	-0.979800
870	-0.959342
871	-0.938593
872	-0.917922
873	-0.897694
874	-0.878265
875	-0.859977
876	-0.843153
877	-0.828091
878	-0.815061
879	-0.804300
880	-0.796009
881	-0.790350
882	-0.787442
883	-0.787362
884	-0.790140
885	-0.795762
886	-0.804171
887	-0.815262
888	-0.828891
889	-0.844871
890	-0.862979
891	-0.882956
892	-0.904516
893	-0.927343
894	-0.951103
895	-0.975443
896	-1.000000
897	-1.024407
898	-1.048295
899	-1.071301
900	-1.093075
901	-1.113280
902	-1.131602
903	-1.147754
904	-1.161479
905	-1.172552
906	-1.180788
907	-1.186043
908	-1.188213
909	-1.187241
910	-1.183113
911	-1.175861
912	-1.165561
913	-1.152335
914	-1.136344
915	-1.117789
916	-1.096910
917	-1.073976
918	-1.049287
919	-1.023167
920	-0.995958
921	-0.968019
922	-0.939715
923	-0.911415
924	-0.883487
925	-0.856291
926	-0.830172
927	-0.805460
928	-0.782458
929	-0.761445
930	-0.742664
931	-0.726326
932	-0.712601
933	-0.701619
934	-0.693465
935	-0.688182
936	-0.685764
937	-0.686164
938	-0.689289
939	-0.695002
940	-0.703127
941	-0.713447
942	-0.725714
943	-0.739645
944	-0.754933
945	-0.771247
946	-0.788239
947	-0.805549
948	-0.822811
949	-0.839657
950	-0.855724
951	-0.870659
952	-0.884124
953	-0.895802
954	-0.905399
955	-0.912653
956	-0.917335
957	-0.919253
958	-0.918253
959	-0.914227
960	-0.907107
961	-0.896872
962	-0.883547
963	-0.867200
964	-0.847943
965	-0.825933
966	-0.801363
967	-0.774466
968	-0.745507
969	-0.714782
970	-0.682610
971	-0.649331
972	-0.615303
973	-0.580890
974	-0.546462
975	-0.512389
976	-0.479034
977	-0.446745
978	-0.415858
979	-0.386682
980	-0.359501
981	-0.334568
982	-0.312100
983	-0.292278
984	-0.275240
985	-0.261081
986	-0.249852
987	-0.241561
988	-0.236167
989	-0.233588
990	-0.233696
991	-0.236323
992	-0.241262
993	-0.248271
994	-0.257074
995	-0.267370
996	-0.278833
997	-0.291118
998	-0.303868
999	-0.316719
1000	-0.329303
1001	-0.341256
1002	-0.352224
1003	-0.361865
1004	-0.369859
1005	-0.375908
1006	-0.379743
1007	-0.381129
1008	-0.379866
1009	-0.375795
1010	-0.368797
1011	-0.358798
1012	-0.345767
1013	-0.329721
1014	-0.310719
1015	-0.288867
1016	-0.264311
1017	-0.237239
1018	-0.207876
1019	-0.176482
1020	-0.143347
1021	-0.108786
1022	-0.073137
1023	-0.036754
1024	-0.000000
1025	0.036754
1026	0.073137
1027	0.108786
1028	0.143347
1029	0.176482
1030	0.207876
1031	0.237239
1032	0.264311
1033	0.288867
1034	0.310719
1035	0.329721
1036	0.345767
1037	0.358798
1038	0.368797
1039	0.375795
1040	0.379866
1041	0.381129
1042	0.379743
1043	0.375908
1044	0.369859
1045	0.361865
1046	0.352224
1047	0.341256
1048	0.329303
1049	0.316719
1050	0.303868
1051	0.291118
1052	0.278833
1053	0.267370
1054	0.257074
1055	0.248271
1056	0.241262
1057	0.236323
1058	0.233696
1059	0.233588
1060	0.236167
1061	0.241561
1062	0.249852
1063	0.261081
1064	0.275240
1065	0.292278
1066	0.312100
1067	0.334568
1068	0.359501
1069	0.386682
1070	0.415858
1071	0.446745
1072	0.479034
1073	0.512389
1074	0.546462
1075	0.580890
1076	0.615303
1077	0.649331
1078	0.682610
1079	0.714782
1080	0.745507
1081	0.774466
1082	0.801363
1083	0.825933
1084	0.847943
1085	0.867200
1086	0.883547
1087	0.896872
1088	0.907107
1089	0.914227
1090	0.918253
1091	0.919253
1092	0.917335
1093	0.912653
1094	0.905399
1095	0.895802
1096	0.884124
1097	0.870659
1098	0.855724
1099	0.839657
1100	0.822811
1101	0.805549
1102	0.788239
1103	0.771247
1104	0.754933
1105	0.739645
1106	0.725714
1107	0.713447
1108	0.703127
1109	0.695002
1110	0.689289
1111	0.686164
1112	0.685764
1113	0.688182
1114	0.693465
1115	0.701619
1116	0.712601
1117	0.726326
1118	0.742664
1119	0.761445
1120	0.782458
1121	0.805460
1122	0.830172
1123	0.856291
1124	0.883487
1125	0.911415
1126	0.939715
1127	0.968019
1128	0.995958
1129	1.023167
1130	1.049287
1131	1.073976
1132	1.096910
1133	1.117789
1134	1.136344
1135	1.152335
1136	1.165561
1137	1.175861
1138	1.183113
1139	1.187241
1140	1.188213
1141	1.186043
1142	1.180788
1143	1.172552
1144	1.161479
1145	1.147754
1146	1.131602
1147	1.113280
1148	1.093075
1149	1.071301
1150	1.048295
1151	1.024407
1152	1.000000
1153	0.975443
1154	0.951103
1155	0.927343
1156	0.904516
1157	0.882956
1158	0.862979
1159	0.844871
1160	0.828891
1161	0.815262
1162	0.804171
1163	0.795762
1164	0.790140
1165	0.787362
1166	0.787442
1167	0.790350
1168	0.796009
1169	0.804300
1170	0.815061
1171	0.828091
1172	0.843153
1173	0.859977
1174	0.878265
1175	0.897694
1176	0.917922
1177	0.938593
1178	0.959342
1179	0.979800
1180	0.999601
1181	1.018387
1182	1.035813
1183	1.051552
1184	1.065301
1185	1.076783
1186	1.085755
1187	1.092010
1188	1.095377
1189	1.095730
1190	1.092983
1191	1.087098
1192	1.078078
1193	1.065976
1194	1.050885
1195	1.032944
1196	1.012331
1197	0.989263
1198	0.963993
1199	0.936804
1200	0.908006
1201	0.877932
1202	0.846931
1203	0.815365
1204	0.783604
1205	0.752017
1206	0.720968
1207	0.690815
1208	0.661896
1209	0.634533
1210	0.609019
1211	0.585619
1212	0.564567
1213	0.546056
1214	0.530241
1215	0.517235
1216	0.507107
1217	0.499880
1218	0.495534
1219	0.494002
1220	0.495175
1221	0.498899
1222	0.504983
1223	0.513197
1224	0.523279
1225	0.534937
1226	0.547854
1227	0.561691
1228	0.576096
1229	0.590706
1230	0.605154
1231	0.619074
1232	0.632107
1233	0.643905
1234	0.654137
1235	0.662498
1236	0.668705
1237	0.672509
1238	0.673696
1239	0.672089
1240	0.667554
1241	0.659997
1242	0.649370
1243	0.635672
1244	0.618943
1245	0.599272
1246	0.576787
1247	0.551661
1248	0.524105
1249	0.494364
1250	0.462716
1251	0.429467
1252	0.394947
1253	0.359503
1254	0.323495
1255	0.287293
1256	0.251267
1257	0.215783
1258	0.181202
1259	0.147866
1260	0.116102
1261	0.086209
1262	0.058460
1263	0.033094
1264	0.010314
1265	-0.009715
1266	-0.026873
1267	-0.041082
1268	-0.052306
1269	-0.060560
1270	-0.065898
1271	-0.068423
1272	-0.068277
1273	-0.065644
1274	-0.060747
1275	-0.053841
1276	-0.045212
1277	-0.035172
1278	-0.024055
1279	-0.012211
1280	0.000000
1281	0.012211
1282	0.024055
1283	0.035172
1284	0.045212
1285	0.053841
1286	0.060747
1287	0.065644
1288	0.068277
1289	0.068423
1290	0.065898
1291	0.060560
1292	0.052306
1293	0.041082
1294	0.026873
1295	0.009715
1296	-0.010314
1297	-0.033094
1298	-0.058460
1299	-0.086209
1300	-0.116102
1301	-0.147866
1302	-0.181202
1303	-0.215783
1304	-0.251267
1305	-0.287293
1306	-0.323495
1307	-0.359503
1308	-0.394947
1309	-0.429467
1310	-0.462716
1311	-0.494364
1312	-0.524105
1313	-0.551661
1314	-0.576787
1315	-0.599272
1316	-0.618943
1317	-0.635672
1318	-0.649370
1319	-0.659997
1320	-0.667554
1321	-0.672089
1322	-0.673696
1323	-0.672509
1324	-0.668705
1325	-0.662498
1326	-0.654137
1327	-0.643905
1328	-0.632107
1329	-0.619074
1330	-0.605154
1331	-0.590706
1332	-0.576096
1333	-0.561691
1334	-0.547854
1335	-0.534937
1336	-0.523279
1337	-0.513197
1338	-0.504983
1339	-0.498899
1340	-0.495175
1341	-0.494002
1342	-0.495534
1343	-0.499880
1344	-0.507107
1345	-0.517235
1346	-0.530241
1347	-0.546056
1348	-0.564567
1349	-0.585619
1350	-0.609019
1351	-0.634533
1352	-0.661896
1353	-0.690815
1354	-0.720968
1355	-0.752017
1356	-0.783604
1357	-0.815365
1358	-0.846931
1359	-0.877932
1360	-0.908006
1361	-0.936804
1362	-0.963993
1363	-0.989263
1364	-1.012331
1365	-1.032944
1366	-1.050885
1367	-1.065976
1368	-1.078078
1369	-1.087098
1370	-1.092983
1371	-1.095730
1372	-1.095377
1373	-1.092010
1374	-1.085755
1375	-1.076783
1376	-1.065301
1377	-1.051552
1378	-1.035813
1379	-1.018387
1380	-0.999601
1381	-0.979800
1382	-0.959342
1383	-0.938593
1384	-0.917922
1385	-0.897694
1386	-0.878265
1387	-0.859977
1388	-0.843153
1389	-0.828091
1390	-0.815061
1391	-0.804300
1392	-0.796009
1393	-0.790350
1394	-0.787442
1395	-0.787362
1396	-0.790140
1397	-0.795762
1398	-0.804171
1399	-0.815262
1400	-0.828891
1401	-0.844871
1402	-0.862979
1403	-0.882956
1404	-0.904516
1405	-0.927343
1406	-0.951103
1407	-0.975443
1408	-1.000000
1409	-1.024407
1410	-1.048295
1411	-1.071301
1412	-1.093075
1413	-1.113280
1414	-1.131602
1415	-1.147754
1416	-1.161479
1417	-1.172552
1418	-1.180788
1419	-1.186043
1420	-1.188213
1421	-1.187241
1422	-1.183113
1423	-1.175861
1424	-1.165561
1425	-1.152335
1426	-1.136344
1427	-1.117789
1428	-1.096910
1429	-1.073976
1430	-1.049287
1431	-1.023167
1432	-0.995958
1433	-0.968019
1434	-0.939715
1435	-0.911415
1436	-0.883487
1437	-0.856291
1438	-0.830172
1439	-0.805460
1440	-0.782458
1441	-0.761445
1442	-0.742664
1443	-0.726326
1444	-0.712601
1445	-0.701619
1446	-0.693465
1447	-0.688182
1448	-0.685764
1449	-0.686164
1450	-0.689289
1451	-0.695002
1452	-0.703127
1453	-0.713447
1454	-0.725714
1455	-0.739645
1456	-0.754933
1457	-0.771247
1458	-0.788239
1459	-0.805549
1460	-0.822811
1461	-0.839657
1462	-0.855724
1463	-0.870659
1464	-0.884124
1465	-0.895802
1466	-0.905399
1467	-0.912653
1468	-0.917335
1469	-0.919253
1470	-0.918253
1471	-0.914227
1472	-0.907107
1473	-0.896872
1474	-0.883547
1475	-0.867200
1476	-0.847943
1477	-0.825933
1478	-0.801363
1479	-0.774466
1480	-0.745507
1481	-0.714782
1482	-0.682610
1483	-0.649331
1484	-0.615303
1485	-0.580890
1486	-0.546462
1487	-0.512389
1488	-0.479034
1489	-0.446745
1490	-0.415858
1491	-0.386682
1492	-0.359501
1493	-0.334568
1494	-0.312100
1495	-0.292278
1496	-0.275240
1497	-0.261081
1498	-0.249852
1499	-0.241561
1500	-0.236167
1501	-0.233588
1502	-0.233696
1503	-0.236323
1504	-0.241262
1505	-0.248271
1506	-0.257074
1507	-0.267370
1508	-0.278833
1509	-0.291118
1510	-0.303868
1511	-0.316719
1512	-0.329303
1513	-0.341256
1514	-0.352224
1515	-0.361865
1516	-0.369859
1517	-0.375908
1518	-0.379743
1519	-0.381129
1520	-0.379866
1521	-0.375795
1522	-0.368797
1523	-0.358798
1524	-0.345767
1525	-0.329721
1526	-0.310719
1527	-0.288867
1528	-0.264311
1529	-0.237239
1530	-0.207876
1531	-0.176482
1532	-0.143347
1533	-0.108786
1534	-0.073137
1535	-0.036754
1536	-0.000000
1537	0.036754
1538	0.073137
1539	0.108786
1540	0.143347
1541	0.176482
1542	0.207876
1543	0.237239
1544	0.264311
1545	0.288867
1546	0.310719
1547	0.329721
1548	0.345767
1549	0.358798
1550	0.368797
1551	0.375795
1552	0.379866
1553	0.381129
1554	0.379743
1555	0.375908
1556	0.369859
1557	0.361865
1558	0.352224
1559	0.341256
1560	0.329303
1561	0.316719
1562	0.303868
1563	0.291118
1564	0.278833
1565	0.267370
1566	0.257074
1567	0.248271
1568	0.241262
1569	0.236323
1570	0.233696
1571	0.233588
1572	0.236167
1573	0.241561
1574	0.249852
1575	0.261081
1576	0.275240
1577	0.292278
1578	0.312100
1579	0.334568
1580	0.359501
1581	0.386682
1582	0.415858
1583	0.446745
1584	0.479034
1585	0.512389
1586	0.546462
1587	0.580890
1588	0.615303
1589	0.649331
1590	0.682610
1591	0.714782
1592	0.745507
1593	0.774466
1594	0.801363
1595	0.825933
1596	0.847943
1597	0.867200
1598	0.883547
1599	0.896872
1600	0.907107
1601	0.914227
1602	0.918253
1603	0.919253
1604	0.917335
1605	0.912653
1606	0.905399
1607	0.895802
1608	0.884124
1609	0.870659
1610	0.855724
1611	0.839657
1612	0.822811
1613	0.805549
1614	0.788239
1615	0.771247
1616	0.754933
1617	0.739645
1618	0.725714
1619	0.713447
1620	0.703127
1621	0.695002
1622	0.689289
1623	0.686164
1624	0.685764
1625	0.688182
1626	0.693465
1627	0.701619
1628	0.712601
1629	0.726326
1630	0.742664
1631	0.761445
1632	0.782458
1633	0.805460
1634	0.830172
1635	0.856291
1636	0.883487
1637	0.911415
1638	0.939715
1639	0.968019
1640	0.995958
1641	1.023167
1642	1.049287
1643	1.073976
1644	1.096910
1645	1.117789
1646	1.136344
1647	1.152335
1648	1.165561
1649	1.175861
1650	1.183113
1651	1.187241
1652	1.188213
1653	1.186043
1654	1.180788
1655	1.172552
1656	1.161479
1657	1.147754
1658	1.131602
1659	1.113280
1660	1.093075
1661	1.071301
1662	1.048295
1663	1.024407
1664	1.000000
1665	0.975443
1666	0.951103
1667	0.927343
1668	0.904516
1669	0.882956
1670	0.862979
1671	0.844871
1672	0.828891
1673	0.815262
1674	0.804171
1675	0.795762
1676	0.790140
1677	0.787362
1678	0.787442
1679	0.790350
1680	0.796009
1681	0.804300
1682	0.815061
1683	0.828091
1684	0.843153
1685	0.859977
1686	0.878265
1687	0.897694
1688	0.917922
1689	0.938593
1690	0.959342
1691	0.979800
1692	0.999601
1693	1.018387
1694	1.035813
1695	1.051552
1696	1.065301
1697	1.076783
1698	1.085755
1699	1.092010
1700	1.095377
1701	1.095730
1702	1.092983
1703	1.087098
1704	1.078078
1705	1.065976
1706	1.050885
1707	1.032944
1708	1.012331
1709	0.989263
1710	0.963993
1711	0.936804
1712	0.908006
1713	0.877932
1714	0.846931
1715	0.815365
1716	0.783604
1717	0.752017
1718	0.720968
1719	0.690815
1720	0.661896
1721	0.634533
1722	0.609019
1723	0.585619
1724	0.564567
1725	0.546056
1726	0.530241
1727	0.517235
1728	0.507107
1729	0.499880
1730	0.495534
1731	0.494002
1732	0.495175
1733	0.498899
1734	0.504983
1735	0.513197
1736	0.523279
1737	0.534937
1738	0.547854
1739	0.561691
1740	0.576096
1741	0.590706
1742	0.605154
1743	0.619074
1744	0.632107
1745	0.643905
1746	0.654137
1747	0.662498
1748	0.668705
1749	0.672509
1750	0.673696
1751	0.672089
1752	0.667554
1753	0.659997
1754	0.649370
1755	0.635672
1756	0.618943
1757	0.599272
1758	0.576787
1759	0.551661
1760	0.524105
1761	0.494364
1762	0.462716
1763	0.429467
1764	0.394947
1765	0.359503
1766	0.323495
1767	0.287293
1768	0.251267
1769	0.215783
1770	0.181202
1771	0.147866
1772	0.116102
1773	0.086209
1774	0.058460
1775	0.033094
1776	0.010314
1777	-0.009715
1778	-0.026873
1779	-0.041082
1780	-0.052306
1781	-0.060560
1782	-0.065898
1783	-0.068423
1784	-0.068277
1785	-0.065644
1786	-0.060747
1787	-0.053841
1788	-0.045212
1789	-0.035172
1790	-0.024055
1791	-0.012211
1792	-0.000000
1793	0.012211
1794	0.024055
1795	0.035172
1796	0.045212
1797	0.053841
1798	0.060747
1799	0.065644
1800	0.068277
1801	0.068423
1802	0.065898
1803	0.060560
1804	0.052306
1805	0.041082
1806	0.026873
1807	0.009715
1808	-0.010314
1809	-0.033094
1810	-0.058460
1811	-0.086209
1812	-0.116102
1813	-0.147866
1814	-0.181202
1815	-0.215783
1816	-0.251267
1817	-0.287293
1818	-0.323495
1819	-0.359503
1820	-0.394947
1821	-0.429467
1822	-0.462716
1823	-0.494364
1824	-0.524105
1825	-0.551661
1826	-0.576787
1827	-0.599272
1828	-0.618943
1829	-0.635672
1830	-0.649370
1831	-0.659997
1832	-0.667554
1833	-0.672089
1834	-0.673696
1835	-0.672509
1836	-0.668705
1837	-0.662498
1838	-0.654137
1839	-0.643905
1840	-0.632107
1841	-0.619074
1842	-0.605154
1843	-0.590706
1844	-0.576096
1845	-0.561691
1846	-0.547854
1847	-0.534937
1848	-0.523279
1849	-0.513197
1850	-0.504983
1851	-0.498899
1852	-0.495175
1853	-0.494002
1854	-0.495534
1855	-0.499880
1856	-0.507107
1857	-0.517235
1858	-0.530241
1859	-0.546056
1860	-0.564567
1861	-0.585619
1862	-0.609019
1863	-0.634533
1864	-0.661896
1865	-0.690815
1866	-0.720968
1867	-0.752017
1868	-0.783604
1869	-0.815365
1870	-0.846931
1871	-0.877932
1872	-0.908006
1873	-0.936804
1874	-0.963993
1875	-0.989263
1876	-1.012331
1877	-1.032944
1878	-1.050885
1879	-1.065976
1880	-1.078078
1881	-1.087098
1882	-1.092983
1883	-1.095730
1884	-1.095377
1885	-1.092010
1886	-1.085755
1887	-1.076783
1888	-1.065301
1889	-1.051552
1890	-1.035813
1891	-1.018387
1892	-0.999601
1893	-0.979800
1894	-0.959342
1895	-0.938593
1896	-0.917922
1897	-0.897694
1898	-0.878265
1899	-0.859977
1900	-0.843153
1901	-0.828091
1902	-0.815061
1903	-0.804300
1904	-0.796009
1905	-0.790350
1906	-0.787442
1907	-0.787362
1908	-0.790140
1909	-0.795762
1910	-0.804171
1911	-0.815262
1912	-0.828891
1913	-0.844871
1914	-0.862979
1915	-0.882956
1916	-0.904516
1917	-0.927343
1918	-0.951103
1919	-0.975443
1920	-1.000000
1921	-1.024407
1922	-1.048295
1923	-1.071301
1924	-1.093075
1925	-1.113280
1926	-1.131602
1927	-1.147754
1928	-1.161479
1929	-1.172552
1930	-1.180788
1931	-1.186043
1932	-1.188213
1933	-1.187241
1934	-1.183113
1935	-1.175861
1936	-1.165561
1937	-1.152335
1938	-1.136344
1939	-1.117789
1940	-1.096910
1941	-1.073976
1942	-1.049287
1943	-1.023167
1944	-0.995958
1945	-0.968019
1946	-0.939715
1947	-0.911415
1948	-0.883487
1949	-0.856291
1950	-0.830172
1951	-0.805460
1952	-0.782458
1953	-0.761445
1954	-0.742664
1955	-0.726326
1956	-0.712601
1957	-0.701619
1958	-0.693465
1959	-0.688182
1960	-0.685764
1961	-0.686164
1962	-0.689289
1963	-0.695002
1964	-0.703127
1965	-0.713447
1966	-0.725714
1967	-0.739645
1968	-0.754933
1969	-0.771247
1970	-0.788239
1971	-0.805549
1972	-0.822811
1973	-0.839657
1974	-0.855724
1975	-0.870659
1976	-0.884124
1977	-0.895802
1978	-0.905399
1979	-0.912653
1980	-0.917335
1981	-0.919253
1982	-0.918253
1983	-0.914227
1984	-0.907107
1985	-0.896872
1986	-0.883547
1987	-0.867200
1988	-0.847943
1989	-0.825933
1990	-0.801363
1991	-0.774466
1992	-0.745507
1993	-0.714782
1994	-0.682610
1995	-0.649331
1996	-0.615303
1997	-0.580890
1998	-0.546462
1999	-0.512389
2000	-0.479034
2001	-0.446745
2002	-0.415858
2003	-0.386682
2004	-0.359501
2005	-0.334568
2006	-0.312100
2007	-0.292278
2008	-0.275240
2009	-0.261081
2010	-0.249852
2011	-0.241561
2012	-0.236167
2013	-0.233588
2014	-0.233696
2015	-0.236323
2016	-0.241262
2017	-0.248271
2018	-0.257074
2019	-0.267370
2020	-0.278833
2021	-0.291118
2022	-0.303868
2023	-0.316719
2024	-0.329303
2025	-0.341256
2026	-0.352224
2027	-0.361865
2028	-0.369859
2029	-0.375908
2030	-0.379743
2031	-0.381129
2032	-0.379866
2033	-0.375795
2034	-0.368797
2035	-0.358798
2036	-0.345767
2037	-0.329721
2038	-0.310719
2039	-0.288867
2040	-0.264311
2041	-0.237239
2042	-0.207876
2043	-0.176482
2044	-0.143347
2045	-0.108786
2046	-0.073137
2047	-0.036754
